CASO 1
75, 89, -1, 928452889, 1645632006, false, 900000
CASO 2
66, 84, -1, 481755450, 2091997638, false, 900000
CASO 3
69, 89, -1, 1275205235, 1286451425, false, 900000
CASO 4
74, 90, -1, -2063015850, 332035570, false, 900000
CASO 5
80, 96, -1, 1177601685, 1399817737, false, 900000
CASO 6
79, 93, -1, 484436244, 2006298603, false, 900000
CASO 7
80, 94, -1, 299672586, -2088348418, false, 900000
CASO 8
84, 100, -1, 380692794, 2134839408, false, 900000
CASO 9
89, 103, -1, 625807603, 1890656799, false, 900000
CASO 10
86, 102, -1, 923555171, 1575205619, false, 900000
